0.004533437 0.066638836
0.006650756 0.0724084
0.006585433 0.078912531
0.006421806 0.063857112
0.00759746 0.500923438
0.00443877 0.270378511
0.004468145 0.060966624
0.00439591 0.067730162
0.007203252 0.16283316
0.006464186 0.064382116
0.007232707 0.487850584
0.006507838 0.065954474
0.00708533 0.507179243
0.006617835 0.514778968
0.004340145 0.072583669
0.006562491 0.065877238
0.00642848 0.065583608
0.004378757 0.07504899
0.004364811 0.074804932
0.006550688 0.070789887
0.00670624 0.497666874
0.004360413 0.071796603
0.004353069 0.070217363
0.006533235 0.069202472
0.006702242 0.063385518
0.006405567 0.068745134
0.004296183 0.391379311
0.006719044 0.278176015
0.005262985 0.068811388
0.007374493 0.074934014
0.007451687 0.465285949
0.004331248 0.068689681
0.004429472 0.072960174
0.007420228 0.070090856
0.005252265 0.06857236
0.006867762 0.475578912
0.006587287 0.070820234
0.00649789 0.070980494
0.006543485 0.067057941
0.006766303 0.398973895
0.006821416 0.524254517
0.006447384 0.067530567
0.007399419 0.070768015
0.007267602 0.510004939
NaN NaN
0.006513258 0.078673243
0.004329264 0.279041237
0.00528143 0.069155523
0.007128422 0.522591912
0.004605382 0.078605476
0.007797064 0.547118473
NaN NaN
0.006810816 0.067647767
0.006493541 0.067099459
0.007361328 0.5329944
0.007300434 0.496977981
0.007148429 0.10349072
0.007377879 0.254263253
0.006906175 0.538244099
0.004589051 0.069917852
0.004884024 0.286893935
0.007534172 0.617059939
0.004415747 0.078061796
0.007407394 0.075066453
0.004475409 0.288450744
0.006595562 0.491852173
0.00439598 0.07690086
0.004364921 0.074745391
0.006959274 0.82367466
0.004368528 0.284204495
0.006777233 0.509298984
0.004341939 0.076435959
0.006479244 0.078338195
0.004434643 0.409679841
0.006810926 0.393646058
0.004404495 0.071500218
0.004387935 0.071651772
0.006541391 0.071594334
0.004501938 0.071018735
0.007247815 0.509890343
0.006858406 0.559429237
0.005517602 0.079270212
0.007650009 0.075055311
0.006466721 0.067351231
0.006664321 0.062786735
0.004382504 0.080354764
0.004514171 0.080079909
0.008923446 0.549301623
0.007041217 0.072639683
0.004363559 0.077857043
0.006732569 0.637114657
0.006550969 0.070937493
0.006792081 1.05224832
0.004303857 0.074747966
0.007566453 0.073818473
0.007557466 0.069435177
0.005323929 0.077393975
0.005464743 0.07191259
0.005418827 0.071449292
0.00750665 0.062273614
