0.009775092 0.064728499
0.009801701 0.161683751
0.009506137 0.064719603
0.008902335 0.078480394
0.008620768 0.057583417
0.008937782 0.082881834
0.009784829 0.251406528
0.008621148 0.121830876
0.009136635 0.106289386
0.0074539 0.054432792
0.007793377 0.092026784
0.008346023 0.197077209
0.00898478 0.063751639
0.007649968 0.188380298
0.008312199 0.066361661
0.008331115 0.062216491
0.008597855 0.075645872
0.00819468 0.185689455
0.007627626 0.12138497
0.007928951 0.06129278
0.007428994 0.060688798
0.00770392 0.147276778
0.009977661 0.076486488
0.008116032 0.191436136
0.007940943 0.269223922
0.007281718 0.050475585
0.007504706 0.073523224
0.007741881 0.071085334
0.00790727 0.069766272
0.007743704 0.128537627
0.007668933 0.128066353
0.008313352 0.07248634
0.007622647 0.072000098
0.008090404 0.358958941
0.008111723 0.062388504
0.009828631 0.082580589
0.008160325 0.17810011
0.008346023 0.335871729
0.006969133 0.392863157
NaN NaN
0.008887157 1.085090328
0.007934041 0.06791412
0.007838772 0.067698827
NaN NaN
0.007582311 0.376615003
0.008200209 0.06082336
0.007985757 0.064064525
0.007814737 0.071599688
0.007487814 0.261686234
0.007529873 0.292326403
0.007689011 0.069377673
0.008019541 0.081023842
0.008267786 0.075230434
0.008252798 0.295865667
0.010156205 0.067750273
0.007486772 0.18552159
0.008479723 0.072588141
0.007302256 0.521240452
0.007893174 0.068242887
NaN NaN
0.007911057 0.302855527
0.00758683 0.111960786
0.008270852 0.063709209
0.007796303 0.1119569
0.008691631 0.076489704
0.009700241 0.084223539
0.00842465 0.075234431
0.008752935 0.417088963
0.007783319 0.2600193
0.007703018 0.109844069
0.007808816 0.269361169
0.00754432 0.065765964
0.00839803 0.058664133
0.007759574 0.199101302
0.007753833 0.064035321
0.007559799 0.075523171
0.008536871 0.059266282
0.007754494 0.07109375
0.007937267 0.091386273
0.007967974 0.097331396
0.00843 0.078300988
0.008412908 0.08965578
0.008256866 0.075445507
0.007477205 0.091384952
0.007687579 0.119833041
0.008226829 0.073320994
0.010167367 0.141948262
0.008569492 0.080442683
0.008044708 0.067916324
0.008045309 0.103769544
NaN NaN
0.007728014 0.072165088
0.00720294 0.259651791
0.008293825 0.081563393
0.007943879 0.348993523
0.00780549 0.248561465
0.007703889 0.316084141
0.008874463 0.064161877
0.009110826 0.076459888
0.007363672 0.324908
