0.009391092 0.091702156
0.009411931 0.059467038
0.008058805 0.075408867
0.009076742 0.215417234
0.010226928 0.112380002
0.009489385 0.065089717
0.007664716 0.474170071
0.009715399 0.070462858
0.00836579 0.078908697
0.007737722 0.074322041
0.008548853 0.06539555
0.008196412 0.084147968
0.008266454 0.076577458
0.007554569 0.199498698
0.009692256 0.064921782
0.009647983 0.081112308
0.009479307 0.072322152
0.009309699 0.187614183
0.00959802 0.064549354
0.009584454 0.070509495
0.009506929 0.067087141
NaN NaN
0.009360273 0.060637672
0.009560319 0.258735013
0.009485339 0.061588394
0.009078867 0.268039643
0.009137306 0.063620794
0.008512334 0.059240935
0.008226128 0.083683567
0.009222917 0.17171864
0.008418319 0.070671419
0.007629289 0.174376261
0.008196813 0.072092151
0.008101845 0.075359345
0.008461569 0.0703525
0.007919664 0.076926633
0.008020824 0.052713681
0.00800797 0.105739125
0.007961873 0.376645402
0.009861273 0.085826964
0.008212873 0.554278577
0.008024781 0.051110947
0.007983894 0.051952353
0.008211862 0.067363168
0.00821115 0.059369846
0.007701354 0.161380754
0.00816851 0.275787665
0.008460578 0.070125205
0.008395586 0.099084703
0.008599628 0.062714806
0.008331777 0.064268377
0.008178859 0.055176216
0.007883446 0.326233756
0.008100192 0.065455072
0.007959558 0.252099256
0.008396387 0.355782989
0.008413489 0.079290323
0.00788059 0.108541097
0.008745602 0.054786476
0.008032135 0.068878388
0.008018339 0.348595658
0.007890449 0.048538435
0.008198456 0.063035296
0.008187636 0.070714579
0.008314053 0.06869811
0.010140997 0.0762587
0.008443646 0.068118804
0.008666093 0.086015187
0.008117956 0.073779714
0.007709049 0.160067352
0.008064575 0.090734332
0.007724067 0.060551611
0.007984626 0.078342486
0.007701845 0.148508427
0.007937617 0.150634963
0.008286471 0.082963437
0.007875301 0.058802944
0.007678462 0.184028252
0.008586063 0.28748515
0.008205549 0.073445918
0.007930644 0.058452526
0.008129888 0.074584533
0.007751198 0.313731111
0.007765385 0.054714701
0.00818481 0.071269409
0.007996929 0.281706228
0.007820428 0.105744755
0.009620672 0.262074322
0.008538964 0.061841168
0.007962323 0.122584539
0.008033016 0.082194787
0.008193267 0.087554572
0.009378077 0.051389379
0.009479397 0.068009239
0.008191723 0.07498874
0.007874319 0.088807039
0.008005184 0.105108945
0.008311649 0.066833195
0.008112856 0.063104436
0.007666479 0.372230226
