0.008887317 0.069216542
0.01073983 0.14442328
0.008041903 0.074493121
0.00744828 0.166039836
0.007809698 0.117161253
0.007823654 0.061737193
0.007817773 0.081638584
0.00774713 0.058298678
0.00818447 0.081293326
0.007383288 0.157298271
0.007198673 0.165881038
0.009101829 0.091769161
0.007859881 0.060227674
0.009513251 0.074918689
0.008358406 0.085560264
0.008249051 0.061006323
0.007985978 0.081024473
0.007823634 0.093544448
0.008041222 0.067823381
0.007914985 0.053117988
0.007790512 0.068257624
0.007796233 0.058016469
0.008101274 0.339475843
0.00815273 0.0909896
0.00767775 0.060467523
0.007528781 0.109457143
0.007694963 0.215429886
0.007859812 0.070238407
0.00783238 0.055713453
0.008050309 0.069147712
0.007523491 0.242102678
0.008125991 0.118365229
0.008048004 0.063415689
0.008271353 0.136515849
0.007108242 0.148908687
0.007417002 0.198313305
0.008287543 0.066963829
0.007774151 0.346098225
0.007939741 0.071260652
0.007679915 0.128775441
0.007487413 0.154339656
0.007918221 0.0739164
0.007479619 0.159123592
0.007808956 0.065873886
0.00864331 0.0762795
0.008973599 0.086094335
0.007553537 0.061229191
0.007253365 0.308530233
0.00851511 0.346276319
0.007507832 0.136043765
0.007496421 0.1276116
0.007239168 0.438500213
0.007721181 0.080628561
0.007342592 0.147708387
0.0085155 0.075540604
0.009166069 0.119862817
0.007638887 0.062140278
0.009327252 0.066127972
0.008316377 0.088095595
0.008391548 0.108931648
0.008468533 0.065145982
0.008224936 0.067392062
0.009045184 0.180497282
0.008299816 0.066294675
0.008304385 0.068157636
0.008348217 0.061919755
0.008130028 0.065529281
0.007969477 0.092680299
0.007476242 0.056344716
0.007778239 0.067603107
0.007829895 0.0776085
0.008511393 0.065067775
0.009332451 0.082866505
0.009096248 0.07896871
0.007641071 0.229451767
0.008000956 0.062284599
0.007980287 0.072797152
0.007545442 0.061491141
0.007355296 0.188736565
0.007570008 0.062673407
0.007825166 0.072762046
0.008457432 0.059756821
0.009013414 0.070570459
0.007996878 0.24873005
0.007590457 0.064044207
0.007532918 0.126180387
0.007247654 0.175887151
0.00782159 0.161904966
0.008482489 0.063180779
0.008834428 0.105039594
0.007461856 0.566497184
0.007809878 0.08265601
0.007398847 0.7039716
0.008613895 0.110788359
0.008170173 0.069493
0.007183324 0.39145688
0.007807012 0.053014423
0.007860773 0.724503954
0.008939806 0.07896375
0.008337737 0.063814596
