0.010410141 0.634268413
0.009548156 0.385167469
0.009535522 0.356738126
0.009719668 0.642573729
0.010753024 0.880815329
0.009591286 0.579398952
0.009896839 0.389948941
0.009558545 0.241171051
0.009845243 0.405425498
0.009589172 0.387447082
0.009480179 0.423925683
0.00966256 0.422854466
0.009752609 0.696699436
0.009603229 0.936808566
0.009814585 0.315339413
0.009601876 0.483465146
0.009761316 0.604803779
0.009590966 0.283044343
0.009783838 0.351699361
0.009584565 0.635979049
0.009700521 0.585276288
0.009737059 0.547240669
0.009969906 0.464778603
0.009633145 0.224067414
0.009723865 0.382463412
0.009890628 0.463581399
0.009818202 0.394096505
0.009740176 0.237367743
0.009631753 0.358084238
0.009858408 0.48389934
0.010125037 0.281609774
0.009666057 0.484798295
0.009719527 0.359361041
0.009668843 0.464885112
0.010599897 0.960636436
0.009656078 0.22208587
0.009712925 0.677496764
0.009648764 0.573377978
0.009782535 0.561492891
0.009859779 0.274860314
0.009639397 0.605771071
0.010965162 0.370939563
0.009767357 0.523467181
0.011133346 0.404372776
0.011083163 0.517274464
0.011271605 0.384975339
0.009677308 1.425436137
0.01120418 0.448114159
0.009686185 0.500799195
0.009754913 0.232676279
0.00975855 0.333900711
0.009650818 0.486256668
0.009802022 0.289195552
0.009920934 0.373659731
0.009735056 0.576374083
0.010226227 0.403375726
0.009714899 0.508930155
0.009836196 0.498708927
0.009613929 0.308389306
0.010613623 0.426847909
0.009632755 0.414456946
0.009799907 0.36924705
0.009691455 0.400344826
0.00986521 0.339110677
0.009737801 0.65885224
0.010592143 0.391553278
0.009907039 0.326214696
0.009883685 0.639503414
0.009615983 0.533449851
0.009571089 0.927672883
0.009675675 0.562423125
0.009941723 0.213910226
0.009925363 0.414920625
0.009697716 0.387310636
0.011015616 0.991854557
0.009744534 0.400253906
0.009584594 0.472919751
0.011520753 0.311264094
0.009782535 0.383284991
0.009696624 0.509528005
0.009618639 0.574422395
0.009755795 0.329855309
0.009816008 0.27649063
0.009974114 0.567696807
0.009751326 0.470056835
0.009771805 0.482862166
0.00962494 0.327237974
0.009737361 0.487769384
0.01053774 0.358276088
0.009766024 0.419635211
0.009823552 0.520500521
0.009653023 0.85179128
0.009926745 0.262547525
0.009726029 0.60313519
0.009785611 0.447897523
0.0098703 0.571840245
0.00972098 0.250338283
0.009590846 0.21496314
0.009482893 0.284303813
0.009614149 0.375913424
