0.010128965 0.270724843
0.009893273 0.566990767
0.01017482 0.330312818
0.00971009 0.627662252
0.009651379 0.333858684
0.011226451 0.53514003
0.00953473 0.465610793
0.012276038 0.143838152
0.011959946 0.196840904
0.011808412 0.379171892
0.011132976 0.153508768
0.010314572 0.147243886
0.011390369 0.318954519
0.010411203 0.381545982
0.009721531 0.612979913
0.011013523 0.301119711
0.011168092 0.252185565
0.01078303 0.295263896
0.0110552 0.194231022
0.011504592 0.397183191
0.009587399 0.267814028
0.012053712 0.29973675
0.010063031 0.13571608
0.009448679 0.120401305
0.009615682 0.143614774
0.009642292 0.130560256
0.011013552 0.163667949
0.012382007 0.153715806
0.012341461 0.166387185
0.01014222 0.131668142
0.009574515 0.312115169
0.011524761 0.145496992
0.011137455 0.284324552
0.009645849 0.142570967
0.010422184 0.165560796
0.009690683 0.260654068
0.009822961 0.531824556
0.011959315 0.568575888
0.01103358 0.346049332
0.009764291 0.244739028
0.010720182 0.32737961
0.010731784 0.376920783
0.009609471 0.340057541
0.009713005 0.534212482
0.009683159 0.253713739
0.009535783 0.312994308
0.011464979 0.619304398
0.010729259 0.841313052
0.010253829 0.446360713
0.010909998 0.399755452
0.014006132 0.146318972
0.010291388 0.176531438
0.009650137 0.227834654
0.009660136 0.123559845
0.00962494 0.333152821
0.01123638 0.189922897
0.011110193 0.379642645
0.011005227 0.442146254
0.009776473 0.139961557
0.010103006 0.215110636
0.009968725 0.149135221
0.00963046 0.286311917
0.009627474 0.295488557
0.0096142 0.38660801
0.009644487 0.531824996
0.010190179 0.823524642
0.009599332 0.405634411
0.009743882 0.184071952
0.009649416 0.365303189
0.009733433 0.21214599
0.009597057 0.232482636
0.009558545 0.132411044
0.010321996 0.173803766
0.012042 0.152029094
0.011426466 0.360017101
0.009719948 0.224241711
0.009738683 0.292074228
0.009638185 0.258434197
0.009510956 0.791681329
0.010358445 0.297655909
0.009920884 0.619371152
0.009633175 0.732616736
0.009536585 0.238483343
0.009738112 0.321266071
0.009585807 0.321523153
0.009592078 0.739781434
0.009772437 0.902401169
0.01066531 0.467647049
0.009577731 0.394778944
0.009760704 0.285169165
0.009825276 0.353873917
0.009780572 0.404199911
0.009370333 0.350776311
0.009821859 0.270140227
0.009597338 0.409516626
0.009674112 0.377597582
0.010789883 0.450415212
0.011050963 0.43719841
0.010739819 0.28633497
0.010637207 0.750757737
