0.009871552 0.163483794
0.009400379 0.158998207
0.0094011 0.260715363
0.009517719 0.112898473
0.009723916 0.323277722
0.011437427 0.145072737
0.011273109 0.169587634
0.010728799 0.25951865
0.009662851 0.121148426
0.009724466 0.153059896
0.009808975 0.145645119
0.009760544 0.175683279
0.009504174 0.215439433
0.009535843 0.137935219
0.009570087 0.181692943
0.009730467 0.192905057
0.009561511 0.145656561
0.009595555 0.124457608
0.009472734 0.142347769
0.009682247 0.555697382
0.009600774 0.1784262
0.00953992 0.136575711
0.009737841 0.243198642
0.009510986 0.224077583
0.009675835 0.136004119
0.009777866 0.19967727
0.00969957 0.140434764
0.009704299 0.116001328
0.009590595 0.214476428
0.00969987 0.315675644
0.009825245 0.431305787
0.009724175 0.149918349
0.010300176 0.188222582
0.01034007 0.180051907
0.009650678 0.455557111
0.010618051 0.123856952
0.010014981 0.2556875
0.011605762 0.185827152
0.009597618 0.197718119
0.009604862 0.147815948
0.009916136 0.160849406
0.010144674 0.133270526
0.009872604 0.154146263
0.009575297 0.246417805
0.009446516 0.203584644
0.009610994 0.118991263
0.009727522 0.179571297
0.00961475 0.232746532
0.009768228 0.207046894
0.010026362 0.214833617
0.009677007 0.130626901
0.009750656 0.131964388
0.009597408 0.161228026
0.009739795 0.138996367
0.00948605 0.151185093
0.009777466 0.127598555
0.009473396 0.365809699
0.009546072 0.332492533
0.009551452 0.127928514
0.009523239 0.254576076
0.010047441 0.364334585
0.009797302 0.185055335
0.009660527 0.142017119
0.009873807 0.436639905
0.009458939 0.150508475
0.009987008 0.199407114
0.009653843 0.134308952
0.010418447 0.196725248
0.009489736 0.202523806
0.009592229 0.268119851
0.009572461 0.186703364
0.009420657 0.164489068
0.009646029 0.222357159
0.009635139 0.307175823
0.009576089 0.141477137
0.011079646 0.234595297
0.009754793 0.141337586
0.010024268 0.191190965
0.009904584 0.161124101
0.010149083 0.324508149
0.0096786 0.1343236
0.009627515 0.133831978
0.009422791 0.142186507
0.009563154 0.298965765
0.00943273 0.14547437
0.009743893 0.141370307
0.009621654 0.143096022
0.009634798 0.235733991
0.009589443 0.251929185
0.009615722 0.194159288
0.009579945 0.124611046
0.009557473 0.141220356
0.009711723 0.153799483
0.009581608 0.225037342
0.009521876 0.147388687
0.010257265 0.173806311
0.010941177 0.154956001
0.010074051 0.165339021
0.010822333 0.222107
0.011896738 0.136718178
