0.007712626 0.000703088
0.006556739 0.000699872
0.00658931 0.000760926
0.006526061 0.000652082
0.008158231 0.000782076
0.007846567 0.000882644
0.008636988 0.00077353
0.008812688 0.000618129
0.00701596 0.000676388
0.007233938 0.000621014
0.006872961 0.000652954
0.00638119 0.000648495
0.006926703 0.000630992
0.006688706 0.000594003
0.006553843 0.000662872
0.006326307 0.000635502
0.006848105 0.000658384
0.006440782 0.000630722
0.006400797 0.000692619
0.006186104 0.000678291
0.006281083 0.000644889
0.006835281 0.000671509
0.006758517 0.000621285
0.006979792 0.000618218
0.006401047 0.000596167
0.006716519 0.000591057
0.006502828 0.000749745
0.006830032 0.000734066
0.00687201 0.00081074
0.006626409 0.000639719
0.00673909 0.000647424
0.006625488 0.000741009
0.007040024 0.000663584
0.006494242 0.000678772
0.007319209 0.000663303
0.007194965 0.000607949
0.006693536 0.000653104
0.006556729 0.000640741
0.006937383 0.000594985
0.006976757 0.000674494
0.006605681 0.000690344
0.007023414 0.00086409
0.006458095 0.000648115
0.006936902 0.000601647
0.006767505 0.000596819
0.006660354 0.000604103
0.006623013 0.000604302
0.0063595 0.000594103
0.007034795 0.000594013
0.006660132 0.00060269
0.006437475 0.000645199
0.006608686 0.000600335
0.006970976 0.000598242
0.006643833 0.000635962
0.006554855 0.000599474
0.006651086 0.000613439
0.006964202 0.000596608
0.00684006 0.000594204
0.006520872 0.000603301
0.006798703 0.000600114
0.006737268 0.000600616
0.007050946 0.000607729
0.007044203 0.000698699
0.007869609 0.00063477
0.006891918 0.000592751
0.006667246 0.000596328
0.006603597 0.000598041
0.007061736 0.000610625
0.006647389 0.000599894
0.0064879 0.000600015
0.006759028 0.000596718
0.007223298 0.00062934
0.006505814 0.000602439
0.006659572 0.000594484
0.006660304 0.000603231
0.006790167 0.000611566
0.006473233 0.000596958
0.00697868 0.000591128
0.006733189 0.000600034
0.00648789 0.000614562
0.007246251 0.000600977
0.006844569 0.000620103
0.007212689 0.000688721
0.006918177 0.000673512
0.007383559 0.000633998
0.006638061 0.000605585
0.006635908 0.000601207
0.006718974 0.000599404
0.006763607 0.000601848
0.006745093 0.000606296
0.006991273 0.000599103
0.006990172 0.000605605
0.006421907 0.000595807
0.00676507 0.000640761
0.006507727 0.000599564
0.006645105 0.000642545
0.006800646 0.000604052
0.006523878 0.000595125
0.00653008 0.00064576
0.006969744 0.000600696
