0.008175863 0.177833278
0.007954148 0.196981967
0.008405384 0.192890068
0.007996838 0.254503088
0.008186724 0.186531831
0.007991538 0.17685271
0.007970349 0.235117343
0.00967857 0.209545074
0.007948317 0.527046057
0.009499494 0.184640206
0.00978518 0.263295367
0.012951955 0.250218687
0.00977467 0.194221614
0.009451394 0.369267849
0.008852241 0.193038516
0.008085053 0.259355092
0.008031744 0.470839661
0.008012467 0.228524757
0.008989399 0.205514179
0.00801352 0.352351733
0.008236036 0.222796832
0.008256976 0.512976467
0.008534236 0.23485946
0.00974276 0.215864939
0.008969341 0.28319266
0.009263963 0.207540377
0.008247488 0.228473691
0.008597124 0.304238585
0.011816648 0.192136706
0.008539856 0.206385172
0.00822765 0.231975404
0.008513537 0.532064714
0.008642689 0.224568051
0.008476727 0.246153669
0.008906824 0.284223672
0.008269198 0.267055164
0.009063908 0.31612825
0.013469665 0.296539686
0.008718812 0.210506616
0.008802969 0.205998657
0.008721797 0.247884593
0.00874445 0.235169401
0.008636176 0.243094034
0.00847235 0.347163027
0.008543773 0.262102802
0.008654842 0.219047534
0.008576655 0.324441802
0.008385937 0.279244009
0.008572587 0.244587354
0.00855309 0.257324946
0.011246319 0.277785595
0.008852682 0.24302231
0.008830751 0.24219504
0.008464274 0.223375567
0.009897872 0.484134179
0.008822566 0.437985093
0.008555144 0.314652093
0.00876105 0.22206485
0.008449677 0.200367734
0.008705146 0.291133533
0.00855262 0.243984043
0.008401096 0.37231523
0.008464395 0.341008803
0.008463102 0.294266615
0.008697191 0.248652212
0.008821654 0.256332587
0.008435881 0.298143783
0.008476678 0.313220521
0.008621298 0.460388143
0.008428447 0.20990527
0.009953456 0.262965609
0.009055963 0.216118245
0.008773133 0.210209179
0.008712159 0.216684045
0.008568569 0.306068736
0.00857939 0.39458545
0.008283225 0.281345137
0.008540918 0.515030447
0.008448996 0.453182497
0.008843485 0.209083099
0.008590581 0.237119336
0.008691811 0.180842828
0.008615948 0.553382769
0.008537081 0.218060314
0.008558351 0.2252344
0.008511954 0.208945601
0.008444757 0.268379276
0.008569161 0.233880716
0.008620678 0.285169364
0.008531019 0.206057558
0.008740652 0.234972532
0.008416726 0.206080972
0.008650654 0.247545187
0.008557469 0.236758289
0.008975492 0.225434205
0.008572888 0.351113583
0.008749539 0.209560122
0.008617411 0.249998675
0.008856129 0.317036302
0.008532773 0.259380559
