0.008385647 0.233657267
0.008003411 0.324922643
0.008113457 0.190500309
0.008046381 0.170773616
0.008018479 0.176791726
0.008176655 0.188234062
0.008158181 0.166062426
0.008133765 0.207565855
0.00900054 0.200559543
0.008812126 0.275570775
0.008524157 0.240212603
0.008201903 0.165797239
0.00820052 0.326189778
0.008185131 0.186128696
0.008900603 0.195363304
0.008138204 0.217662799
0.008424811 0.185083396
0.008157549 0.203581868
0.008157239 0.184030122
0.009328164 0.180739865
0.00811029 0.208531785
0.008074574 0.208493754
0.008085364 0.178368802
0.008124878 0.182206214
0.008261304 0.193192525
0.00822735 0.249059164
0.008225056 0.173084978
0.008272204 0.273139277
0.008297672 0.356316784
0.008316186 0.222538878
0.008391228 0.364644643
0.008086947 0.198145147
0.008000065 0.175446344
0.008064986 0.234493465
0.008148803 0.228044468
0.008123125 0.175361254
0.008166606 0.217404666
0.008021554 0.231977308
0.008044598 0.325551682
0.008262456 0.378715035
0.007958817 0.177862563
0.008192585 0.183202781
0.008094452 0.184937273
0.008148092 0.190658085
0.008140497 0.141077086
0.008221079 0.219761854
0.008867631 0.226406136
0.009465972 0.29851564
0.008378183 0.243034302
0.007956683 0.158407839
0.008058384 0.181993304
0.007979506 0.18635526
0.008131621 0.190453061
0.00818966 0.179441021
0.0090546 0.165556027
0.009202298 0.182293457
0.008173709 0.191494673
0.008374917 0.172679298
0.008378033 0.194520094
0.008238561 0.195996501
0.008130338 0.219097929
0.008167198 0.200815242
0.008961086 0.187697526
0.008383754 0.254299256
0.008092167 0.208695251
0.00842461 0.190678172
0.009263042 0.212714034
0.008393301 0.30907473
0.008028588 0.182274572
0.008117575 0.191064527
0.008574 0.253665899
0.009437859 0.216242066
0.008220077 0.177126142
0.008034659 0.180106088
0.010073139 0.217845972
0.008795325 0.236691835
0.008652266 0.431425118
0.009653343 0.0950181
0.008236458 0.194536825
0.008250093 0.170521624
0.008818138 0.361684735
0.008324413 0.181859975
0.00832894 0.189447746
0.00913915 0.230499248
0.008090283 0.255634699
0.009180196 0.254359268
0.00943812 0.180062095
0.008173719 0.271488613
0.008070527 0.170765711
0.008033908 0.20794725
0.008101555 0.598866337
0.007991648 0.185643376
0.008106854 0.168678439
0.008079043 0.198783284
0.008363756 0.197403227
0.008187225 0.176743265
0.007976841 0.349429195
0.008133845 0.269326852
0.008112926 0.238131002
0.008613575 0.376168001
