0.008223773 0.203396621
0.009056374 0.391802453
0.008302861 0.228769946
0.010636365 0.270803709
0.009084738 0.342761708
0.009239337 0.212063755
0.009009296 0.23755351
0.008992274 0.292388766
0.007897863 0.282678426
0.009028892 0.241803114
0.008932151 0.305371138
0.008963871 0.281596498
0.008202534 0.254098259
0.00899008 0.340282742
0.007828943 0.196778877
0.00877664 0.243825765
0.007966952 0.221799773
0.008885504 0.213001883
0.0082005 0.182149157
0.007880681 0.214774907
0.008796637 0.750237768
0.008917193 0.292154006
0.008042473 0.263155054
0.00774185 0.192870061
0.008763926 0.206581529
0.007996668 0.200608284
0.007768881 0.261361442
0.008704735 0.45297085
0.008754528 0.276119252
0.009511938 0.215361626
0.008283476 0.224385489
0.009365343 0.219035912
0.009086731 0.228875535
0.007681638 0.247858374
0.008885985 0.207667455
0.008692943 0.338624434
0.008546358 0.492713718
0.009554858 0.360452576
0.00926217 0.236666988
0.008914498 0.284443293
0.008848114 0.425192776
0.008914778 0.221884622
0.008210559 0.241809967
0.007911398 0.26304118
0.007783999 0.193784384
0.008665802 0.347325653
0.010235715 0.218811862
0.008494922 0.209046099
0.008356984 0.266526352
0.008304835 0.2769345
0.009655667 0.255803726
0.008109559 0.20196166
0.01059076 0.310482628
0.008918656 0.221343808
0.008885063 0.201110025
0.008943032 0.24485237
0.009474598 0.423073184
0.009177772 0.252471129
0.010744678 0.355840672
0.011094955 0.330162784
0.00822151 0.221514188
0.008287443 0.231971637
0.008674569 0.225156154
0.009377996 0.209384553
0.008842563 0.414013093
0.008892206 0.341889694
0.008240636 0.20570648
0.008786268 0.26335081
0.00800303 0.20017396
0.008868552 0.230547037
0.008080565 0.191137042
0.008892788 0.303586293
0.007936966 0.307796975
0.009686605 0.263684797
0.009196797 0.281630922
0.008862901 0.40205016
0.008010324 0.219940087
0.008996381 0.246930795
0.007887193 0.202562347
0.008916151 0.32406775
0.009014646 0.218408367
0.008201511 0.191861681
0.008901383 0.215924571
0.008497216 0.223217269
0.007845194 0.206353923
0.0088195 0.238472512
0.00905431 0.27531752
0.008902416 0.333640592
0.009042709 0.715474923
0.011037607 0.300107242
0.010224253 0.200618504
0.008281212 0.38962902
0.008823348 0.26514338
0.008027075 0.194626904
0.007926206 0.222514923
0.008372152 0.190459733
0.00894792 0.668649911
0.008151619 0.17213111
0.008194098 0.208267409
0.009554488 0.203560818
