0.010031542 0.220298509
0.008983047 0.418357777
0.007583804 0.184554736
0.010224604 0.323935614
0.007409849 0.169104538
0.008143093 0.235973629
0.008489922 0.202731024
0.008883249 0.801396145
0.008868402 0.444597156
0.009040274 0.196485968
0.008164582 0.178192752
0.007761336 0.105197459
0.007241452 0.174979159
0.008760971 0.190512112
0.007651912 0.184091798
0.007401692 0.191237801
0.007588243 0.182941502
0.008704615 0.422936489
0.007593612 0.321725421
0.00845683 0.366049957
0.007379462 0.295775153
0.007296325 0.099038586
0.007859461 0.189761635
0.009065311 0.58828665
0.007586359 0.177435763
0.007769743 0.094581902
0.008983247 0.58543281
0.009042218 0.3820735
0.007222076 0.153141879
0.007433883 0.209581683
0.008647128 0.210700821
0.007572613 0.184643432
0.009111267 0.325923269
0.007059812 0.081764148
0.009432689 0.503446806
0.007879698 0.219170996
0.007429155 0.100594862
0.009752118 0.434895934
0.0075924 0.183506782
0.00838702 0.203453186
0.007093495 0.073462759
0.010641535 0.213059582
0.009342501 0.211092886
0.007514995 0.080798849
0.008022587 0.190246143
0.008287002 0.178557786
0.007596027 0.195269118
0.008052583 0.351028563
0.008287202 0.231266686
0.008406617 0.236944158
0.008954293 0.307423255
0.007527559 0.215616083
0.008285219 0.209184789
0.008822135 0.231587478
0.008053505 0.182719076
0.009133238 0.289078422
0.007407304 0.194588642
0.008564622 0.268874915
0.008578919 0.202051359
0.008017527 0.285095597
0.007322113 0.304547635
0.008426223 0.358668162
0.010004862 0.293804149
0.01005688 0.288303089
0.007311895 0.198378575
0.00980629 0.20824631
0.008652707 0.215222817
0.009203179 0.278802211
0.007994173 0.210974203
0.007710502 0.203861482
0.008948171 0.303179942
0.008349179 0.271311282
0.009180567 0.230550214
0.008673516 0.239384271
0.007419416 0.094122742
0.009308998 0.397112277
0.010091715 0.727358688
0.00916584 0.282255263
0.007848039 0.12909024
0.007612127 0.157097414
0.007145533 0.095647018
0.009158897 0.20235054
0.008499931 0.183651923
0.009223488 0.364111184
0.008740332 0.447408415
0.007782667 0.490724531
0.007973134 0.249364487
0.00889417 0.322951439
0.007190387 0.284406976
0.008551398 0.320000728
0.008678876 0.34462986
0.008181555 0.096654147
0.009404186 0.190032984
0.007364443 0.391039564
0.007839623 0.19058585
0.007674394 0.231349231
0.008762593 0.32884774
0.008584139 0.217881459
0.008861479 0.456036316
0.007907321 0.210071571
