0.006571126 0.072037437
0.008211481 0.063281476
0.007586389 0.063552374
0.008879844 0.063736409
0.008024039 0.061945763
0.008266263 0.062618073
0.006880096 0.063834944
0.008189981 0.066622579
0.006976095 0.063553346
0.006575383 0.063802863
0.00679222 0.06212016
0.007050895 0.066578626
0.006749911 0.062821264
0.006667446 0.072459037
0.0067652 0.120042112
0.006722821 0.062380167
0.006611131 0.110756437
0.008752034 0.064322348
0.006856491 0.065281355
0.007172153 0.064469443
0.007182933 0.064215708
0.006586254 0.064531599
0.006869696 0.061891531
0.006818069 0.062759267
0.006701962 0.062210339
0.006952351 0.063067114
0.006956779 0.062264621
0.006624546 0.083674669
0.006894152 0.062336265
0.007216495 0.063056856
0.006513198 0.120679245
0.006805926 0.071347705
0.006806617 0.062371361
0.007057447 0.062858213
0.006729523 0.063292036
0.00669006 0.066829536
0.006978319 0.063186859
0.007059592 0.065843639
0.006672325 0.070695472
0.007312555 0.0667993
0.006541822 0.069042444
0.006817007 0.062166376
0.006488821 0.065526555
0.006785889 0.102538164
0.006953823 0.06298401
0.007049833 0.062844367
0.006908098 0.066206158
0.007631143 0.105115344
0.006751404 0.062929517
0.006553363 0.062006056
0.006842876 0.083965153
0.006674901 0.088472812
0.006739762 0.064286671
0.006505062 0.062228784
0.009204922 0.119078044
0.008436632 0.073091744
0.008255393 0.063972141
0.007113833 0.062902516
0.006625167 0.062534316
0.006903058 0.071885052
0.006995381 0.062305678
0.006489693 0.072469287
0.006721569 0.062642338
0.006828849 0.072945299
0.006745703 0.062693274
0.006650836 0.069268618
0.0064555 0.070447327
0.006543133 0.216409049
0.007153848 0.063139431
0.006552431 0.064133413
0.006671615 0.072214871
0.006747276 0.062921632
0.006633443 0.064504148
0.006621681 0.062961256
0.00644504 0.062729041
0.00694136 0.062663989
0.006739502 0.089150341
0.006621431 0.062862461
0.006816256 0.062891005
0.006645977 0.067694878
0.006641347 0.06551913
0.006399535 0.11184075
0.0066802 0.179667776
0.006560687 0.068999704
0.006638693 0.069129678
0.006853415 0.11118465
0.006649012 0.062698083
0.00663198 0.062319915
0.006819872 0.063280084
0.006662127 0.072352438
0.006529648 0.072656768
0.006835922 0.062448765
0.007039434 0.062501995
0.007082655 0.071719061
0.006426595 0.072694038
0.006580604 0.108325462
0.006942702 0.062591413
0.006917576 0.062767413
0.006758468 0.069380979
0.006900424 0.062794734
