0.00932092 0.102638442
0.007977052 0.086336989
0.009161171 0.176320181
0.008159774 0.105863446
0.007911849 0.178162425
0.008592665 0.087357291
0.008197835 0.183008868
0.009232935 0.180298157
0.008993657 0.202015632
0.008096104 0.423072191
0.010719221 0.25798335
0.009900967 0.179921732
0.009622926 0.185339205
0.00822192 0.198406126
0.008545086 0.177547542
0.009208108 0.185538038
0.009063808 0.121258982
0.009148647 0.456106366
0.007971941 0.194626382
0.009181959 0.095971316
0.008455778 0.083144966
0.009329747 0.163092359
0.009089336 0.191777692
0.009378167 0.144202024
0.008295819 0.166167593
0.009042117 0.09189221
0.009179345 0.088540849
0.009133358 0.187918129
0.008185832 0.181432363
0.010316145 0.199266539
0.009439262 0.200405674
0.009143337 0.190528912
0.009199623 0.181995669
0.008276943 0.176989145
0.009105926 0.175986185
0.008233261 0.120938681
0.008020483 0.199587
0.009093924 0.109110512
0.009285313 0.165468642
0.008073272 0.174492726
0.008110081 0.104786618
0.008173139 0.159407302
0.008330173 0.172988397
0.008145467 0.171242585
0.00914481 0.232620583
0.007996848 0.217972389
0.008030161 0.186046651
0.009149869 0.175985764
0.009178193 0.168687907
0.008304134 0.085467449
0.008943763 0.195914175
0.008081367 0.170816316
0.009110084 0.302447378
0.008202393 0.227649557
0.01043075 0.266097328
0.009422932 0.186167348
0.008928445 0.255295593
0.009707825 0.182008432
0.009890688 0.185451466
0.008690118 0.178161302
0.008261224 0.188621227
0.008214466 0.128554566
0.00929944 0.183539903
0.008149184 0.105584744
0.00929414 0.194106357
0.008734591 0.296450498
0.00930508 0.112117207
0.008651495 0.178374813
0.008081006 0.191117946
0.008084753 0.192916638
0.009299941 0.178782486
0.010086515 0.093799395
0.010799811 0.103432099
0.010608673 0.084266448
0.010734509 0.100012891
0.011166529 0.213671298
0.012953608 0.194869608
0.010316225 0.207776098
0.009624599 0.132372652
0.009634207 0.181430629
0.009832028 0.209730782
0.009343261 0.218860162
0.009248555 0.21975463
0.009339966 0.09319409
0.010700766 0.197332825
0.009449451 0.182292315
0.008019861 0.278042947
0.009046716 0.249860726
0.009096529 0.180837207
0.007855643 0.298440989
0.008055929 0.189184693
0.009151242 0.176642826
0.007954519 0.223339198
0.008176555 0.16039866
0.009077544 0.169307568
0.009460301 0.228482617
0.008153803 0.08882411
0.009295483 0.187275845
0.008894301 0.18285012
0.009404136 0.092162096
