0.011221942 0.307075653
0.009591868 0.202485983
0.010102334 0.171028884
0.009612376 0.187685934
0.011058256 0.094524925
0.009543106 0.218355297
0.009723485 0.265632146
0.009550891 0.187751277
0.009694541 0.178461444
0.01057998 0.214713601
0.009626132 0.163730796
0.009465862 0.181412526
0.009477523 0.178511539
0.009620621 0.150335409
0.009780101 0.193696218
0.009742299 0.120495521
0.009980857 0.195013819
0.009597779 0.208747139
0.00959812 0.099778693
0.009735487 0.083970183
0.009607917 0.295505176
0.009530052 0.246143158
0.009542034 0.191339762
0.009601486 0.187005238
0.009750014 0.205686943
0.011286845 0.26181394
0.010728608 0.114287315
0.010817395 0.232495689
0.009903652 0.192039724
0.009531585 0.188464813
0.009642814 0.518321414
0.010495671 0.205963791
0.010874111 0.201408834
0.00951306 0.100865018
0.00955065 0.210522716
0.009478244 0.082085511
0.009586738 0.140077974
0.010813988 0.105986728
0.011717482 0.213853649
0.009626052 0.178827952
0.009467184 0.214396006
0.009778628 0.217523387
0.01092665 0.211098966
0.011562692 0.213797434
0.009800138 0.422998403
0.009556431 0.319061898
0.010591372 0.190443583
0.009641741 0.21528404
0.009622525 0.093005397
0.009529981 0.100397502
0.009674953 0.1919362
0.009532897 0.186887397
0.009560328 0.184796828
0.00956123 0.187157474
0.009589523 0.35407945
0.010023577 0.344185396
0.011053838 0.216767551
0.009708176 0.115798728
0.010027635 0.191905733
0.011211263 0.194060782
0.009925193 0.199412853
0.009509804 0.163491557
0.009517038 0.161758048
0.009474518 0.220453139
0.009583752 0.191715006
0.009556221 0.300129723
0.009591046 0.183279184
0.01071876 0.098448679
0.010583756 0.25742822
0.009532987 0.268319734
0.009572111 0.17542306
0.009673911 0.224142093
0.009465871 0.258058631
0.009568193 0.081780869
0.00958747 0.170025093
0.009671577 0.120276851
0.009618087 0.227061034
0.009591066 0.162264818
0.009986217 0.207117644
0.010994056 0.188346282
0.009483084 0.191363246
0.011338181 0.087845456
0.00960874 0.184805766
0.009686315 0.3509797
0.009544669 0.103082965
0.009804516 0.179575583
0.009640419 0.183758423
0.00949157 0.096732503
0.009588001 0.184190663
0.0094382 0.301332307
0.009503733 0.098499575
0.009402332 0.093955608
0.010135647 0.178762009
0.009437378 0.18141446
0.009517979 0.225399599
0.009502249 0.171802273
0.009699449 0.195402547
0.009631432 0.172606401
0.009567762 0.16987406
0.009484938 0.182128989
