0.010547469 0.244117291
0.009094295 0.106349548
0.008455528 0.101624532
0.008449516 0.179832865
0.008276592 0.315710627
0.008650093 0.132960914
0.00877188 0.193730132
0.008331746 0.270560523
0.008246085 0.090420011
0.008289527 0.37338828
0.00832841 0.177299607
0.008293123 0.08389405
0.00853106 0.162882195
0.008551648 0.182561139
0.008605229 0.199019897
0.008478511 0.178054061
0.008458183 0.381155528
0.008506233 0.197283902
0.008362353 0.087897153
0.008282474 0.100597316
0.008302391 0.182782664
0.009957533 0.136401202
0.008400124 0.086459698
0.008429128 0.085642938
0.009944439 0.198241077
0.008259881 0.252386019
0.008324081 0.177369969
0.008369677 0.100133718
0.00832278 0.172023809
0.008360711 0.086272728
0.008412337 0.177386901
0.008488489 0.16188166
0.008324181 0.207914427
0.008618733 0.201322162
0.008446071 0.182261046
0.01011568 0.197642946
0.008794954 0.166963344
0.008401106 0.105733873
0.008536129 0.176120087
0.0083656 0.092898196
0.008228472 0.187718054
0.009268762 0.283170378
0.009327933 0.213492081
0.008907235 0.187228757
0.00855804 0.182334945
0.008217692 0.169283362
0.008439197 0.209939112
0.008134566 0.171622196
0.008377542 0.325472953
0.008382742 0.223310624
0.008378213 0.081354721
0.008446231 0.168680493
0.008214306 0.167838745
0.008331015 0.087744898
0.008315225 0.209234081
0.008528234 0.19272046
0.008298313 0.098538427
0.008596222 0.185684673
0.008278877 0.183565721
0.008264851 0.176881162
0.008455628 0.226931801
0.008379455 0.093822258
0.008423287 0.186912004
0.008234704 0.094106581
0.008335664 0.184508628
0.008368124 0.161656748
0.008516382 0.093045242
0.008525419 0.177517044
0.008588176 0.085848403
0.008441622 0.17557785
0.008261194 0.088936301
0.008357564 0.169606579
0.008376219 0.165719032
0.008453424 0.173466272
0.008354279 0.222231652
0.00988143 0.205419231
0.008590471 0.123830782
0.008402218 0.099797888
0.008554313 0.175446965
0.008615157 0.180275074
0.008411575 0.367542633
0.008250984 0.201826276
0.008373304 0.092333107
0.008399663 0.195883518
0.008512796 0.210613867
0.008290739 0.164835827
0.008414501 0.186589468
0.008272585 0.203736858
0.008280289 0.096737602
0.008427556 0.271408823
0.008496895 0.188116431
0.00841927 0.129962545
0.008287082 0.196814673
0.008372071 0.104286211
0.008550937 0.159407572
0.008321486 0.206943548
0.008397649 0.186693654
0.008372983 0.173487983
0.010037994 0.184029751
0.009548336 0.091969777
