0.008299305 0.133402301
0.008485063 0.185601337
0.007506469 0.181861397
0.009123039 0.182517257
0.007445666 0.108495881
0.010345671 0.169010371
0.007849051 0.101055034
0.00848833 0.184755271
0.008670821 0.177508859
0.008206762 0.175237613
0.00764564 0.087316254
0.009329917 0.115789671
0.008392169 0.179074543
0.007984865 0.179118146
0.00944389 0.171244288
0.007907651 0.101665719
0.008852061 0.227351208
0.009334956 0.443840046
0.009031327 0.183525877
0.010653197 0.174662835
0.008793471 0.128479675
0.008320866 0.171662552
0.008046512 0.196667367
0.011022809 0.182557612
0.009893023 0.207541989
0.008651235 0.209243919
0.009858988 0.181786958
0.008737947 0.402838477
0.008682624 0.174576253
0.008612903 0.188474121
0.007661119 0.094262193
0.009947274 0.325406048
0.009673701 0.092392168
0.008668316 0.200859204
0.007713878 0.095628113
0.008980993 0.198388444
0.008946327 0.21033255
0.007832139 0.196545479
0.009613859 0.208272719
0.009456324 0.101078839
0.009430996 0.223129945
0.008654631 0.174150104
0.00929455 0.12488613
0.008795045 0.180990195
0.009440053 0.080300815
0.007749394 0.098488915
0.007713687 0.203783826
0.008557188 0.09985242
0.00838704 0.180285313
0.008585451 0.187674352
0.00888371 0.187509594
0.009103693 0.180373488
0.009268151 0.186362293
0.008984248 0.16257036
0.009401601 0.191043557
0.008658609 0.17256864
0.008407879 0.177507867
0.008098449 0.115135164
0.008559332 0.192348282
0.00844592 0.210173602
0.008195611 0.174795814
0.009470099 0.191301411
0.008454436 0.201160288
0.007781855 0.092186663
0.00852594 0.087043583
0.009683329 0.20754751
0.009051986 0.198457183
0.008786549 0.192665608
0.008972937 0.21549727
0.007689192 0.08320545
0.008699746 0.15393724
0.009090869 0.255552384
0.00776313 0.086769008
0.008708001 0.236554456
0.007708437 0.099277162
0.008376469 0.165265582
0.009415607 0.181849615
0.00965726 0.175392493
0.009654005 0.193501744
0.008717499 0.194715018
0.009764712 0.10144737
0.008487959 0.105303217
0.008378944 0.306630969
0.007723255 0.094901711
0.008728509 0.196782293
0.009557082 0.209281459
0.008750661 0.096186951
0.008163701 0.080814678
0.007861425 0.168952141
0.008011195 0.191138334
0.009066924 0.093925141
0.008149164 0.174512434
0.007789008 0.171396463
0.008336365 0.077810437
0.009363139 0.116771442
0.008941298 0.093575466
0.008033167 0.204157076
0.0082166 0.171164608
0.008744459 0.19122705
0.009120554 0.190246292
