0.010706056 0.551548059
0.009509243 0.263847691
0.009260046 0.597771484
0.009889466 0.334960275
0.009190194 0.588029776
0.009537105 0.243535842
0.009303418 0.530261212
0.009274994 0.428394056
0.01007885 0.224302864
0.009240489 0.294560565
0.009170609 0.345435219
0.009146734 0.720768654
0.009268101 0.461306843
0.009474016 0.298328818
0.00950749 0.31333824
0.009139631 0.292061882
0.009087752 0.630986157
0.009054811 0.346113199
0.009133879 0.313571157
0.009142275 0.399392168
0.009061604 0.300030227
0.009466853 0.408354516
0.010218543 0.479155906
0.010520087 0.359857279
0.009341368 0.471276478
0.009216585 0.431516527
0.009242653 0.253808495
0.009092632 0.206162414
0.009231352 0.350381078
0.009069258 0.576558686
0.00927846 0.342684482
0.009076472 0.225981831
0.009092081 0.277801004
0.009172752 0.275899479
0.009077694 0.938742706
0.009233015 0.875964303
0.009387054 0.265668765
0.009194813 0.494605633
0.009138237 0.647903415
0.009160319 0.523158389
0.009188071 0.249969069
0.009235029 0.326804088
0.009224469 0.229758268
0.009188682 0.576019956
0.009244517 0.347065944
0.009336168 0.273486097
0.009207617 0.206231203
0.00925723 0.723264201
0.009762478 0.512321959
0.009268542 0.261076667
0.009327182 0.253804447
0.009179676 0.19661547
0.009221744 0.454843639
0.009216665 0.551012846
0.009130773 0.23804527
0.009203189 0.653464798
0.009302335 0.271755082
0.009143918 0.365805738
0.00933705 0.229080388
0.009238816 0.212864115
0.009506838 0.30657286
0.009003806 0.407530772
0.009222355 0.37156896
0.009073146 0.588125144
0.009215552 0.335210144
0.009140191 0.366161105
0.00930499 0.413881194
0.00907555 0.259544546
0.009098683 0.386651539
0.009124091 0.281998952
0.009297566 0.329344941
0.009156031 0.279117761
0.009863216 0.520987501
0.00912369 0.242265681
0.009212186 0.264370301
0.009289981 0.26700043
0.009626593 0.469395684
0.010395874 0.547665331
0.00959819 0.70674538
0.009485939 0.282634002
0.009239948 0.236314607
0.009373408 0.212605249
0.009128579 0.263928412
0.009129331 0.470453827
0.009512489 0.399010984
0.009119252 0.321469039
0.009264985 0.372277878
0.009580767 0.528797308
0.009604451 0.27439514
0.009287978 0.285341496
0.009222355 0.741898376
0.009282558 0.595310141
0.009189593 0.274358572
0.009257421 0.38311447
0.010737976 0.416571536
0.009933879 0.312410822
0.010260781 0.22238021
0.00929965 0.265796574
0.010285457 0.325706772
0.010167557 0.307233779
