0.004412159 0.292283477
0.004517156 0.304115294
0.004634236 0.310987614
0.004440282 0.319134804
0.004433429 0.314318517
0.004671746 0.307596218
0.004368498 0.303468832
0.004681164 0.30624265
0.004528668 0.33031555
0.004605893 0.303673425
0.004384849 0.30847758
0.004877973 0.308236809
0.004581347 0.183564359
0.004952292 0.327612294
0.005688682 0.324843975
0.004430844 0.314188363
0.004457715 0.358624509
0.004427809 0.178104255
0.004516295 0.170233032
0.004488051 0.299273589
0.004504332 0.30902195
0.005385403 0.309522138
0.004650757 0.300803416
0.004686704 0.309405299
0.004697223 0.300569037
0.004395428 0.300172864
0.005037812 0.321557294
0.004562211 0.305044235
0.00448158 0.314145554
0.004386661 0.30156818
0.004290251 0.29835649
0.004224758 0.32099477
0.004776032 0.311442277
0.004405577 0.306307362
0.004374489 0.308365119
0.004595303 0.335427581
0.005255961 0.334767404
0.005435618 0.315044147
0.004436766 0.314204594
0.004590624 0.308867801
0.004353249 0.310816754
0.00435953 0.309692577
0.004391591 0.305462268
0.004616242 0.305327716
0.004450301 0.313956879
0.004367495 0.305604404
0.004418792 0.301967949
0.004995453 0.345660801
0.004861222 0.327566147
0.004412209 0.307733936
0.004311891 0.311166369
0.004445563 0.306821635
0.004290862 0.303909208
0.004509902 0.317923183
0.004614479 0.30813626
0.004261657 0.30478026
0.00463107 0.365127557
0.005162886 0.309372517
0.004398634 0.310036091
0.004420365 0.305210577
0.004613477 0.32872081
0.004585575 0.32943504
0.00436428 0.303994127
0.004280734 0.303923203
0.004507007 0.308529657
0.004462104 0.301559414
0.004349232 0.309792213
0.004280693 0.306419723
0.004342419 0.306884864
0.004384738 0.305579217
0.004557011 0.306612124
0.004347338 0.308163351
0.004305871 0.30831229
0.004295731 0.311510995
0.004313194 0.310244751
0.004399777 0.309015608
0.004475177 0.305278313
0.004420606 0.314135124
0.004339002 0.305902333
0.004321019 0.319047451
0.004403403 0.307758502
0.004666085 0.307108434
0.004399656 0.304112458
0.00455083 0.325022228
0.004719436 0.332586336
0.004373608 0.306623825
0.004797332 0.314348994
0.00512728 0.348160616
0.004524901 0.31045729
0.004372956 0.307279354
0.00455628 0.312256663
0.004367956 0.309558356
0.004353519 0.309567923
0.004344954 0.303927662
0.004443698 0.312531357
0.004419664 0.30757106
0.004285772 0.305977684
0.004481049 0.30764042
0.004596035 0.30647153
0.004499674 0.308431142
