0.007660037 0.17620192
0.007715781 0.129470783
0.007818675 0.060884043
0.007915606 0.068014848
0.007641252 0.074410204
0.008188317 0.076415594
0.007886942 0.512505723
0.007883255 0.060435032
0.007736571 0.391538338
0.007808295 0.069879844
0.007887433 0.157836287
0.008048355 0.575685118
0.008277354 0.076870266
0.008246757 0.06421723
0.007569508 0.489213347
0.007917289 0.068633728
0.008213394 0.063723265
0.008245154 0.083921421
0.008664049 0.314561823
0.008320345 0.162817243
0.007333164 0.160449736
0.008397459 0.15761362
0.008551408 0.074036675
0.008520149 0.066897023
0.008105713 0.070973273
0.010115028 0.136541756
0.008101425 0.092880843
0.008143994 0.130561627
0.009018162 0.13991072
0.007804558 0.111792128
0.009188602 0.291138371
0.00830208 0.072457525
0.008315075 0.144926601
NaN NaN
0.007498875 0.128300209
0.009686385 0.131188402
0.009467394 0.114725226
0.00804575 0.074278668
0.007428603 0.137030121
0.007663974 0.462965541
0.008110872 0.063829013
0.007988001 0.065371775
0.007995726 0.065857785
0.008096485 0.069843616
0.007967603 0.307487804
0.007556503 0.132092226
0.008243831 0.066443783
0.008294627 0.072444761
0.00770408 0.111700436
0.00817423 0.053409374
0.007727212 0.067818209
0.011796951 0.640062999
0.008181504 0.061699932
0.008390877 0.057705866
0.007744035 0.073210416
0.009478105 0.075746399
0.009386974 0.0956321
0.009388918 0.214231357
0.0081475 0.064942459
0.007665297 0.589751662
0.00766702 0.169264267
0.009066042 0.080184688
0.008526411 0.066035278
0.008493018 0.247683475
0.008158442 0.071217541
0.00759769 0.744633392
0.007592921 0.166926335
0.007664395 0.063743102
0.008271773 0.068626845
0.007528921 0.49732456
0.007771827 0.25433909
0.008196162 0.117476262
0.007732974 0.307604523
0.007908102 0.0542243
0.008259761 0.058456944
0.007600826 0.140871682
0.00802969 0.080883237
0.007610535 0.380899137
0.007598792 0.114096057
0.009646861 0.072820535
0.009505556 0.066067688
0.00803498 0.051983911
0.007447178 0.100740425
0.007211537 0.354995166
0.007825878 0.188824828
0.008235866 0.083258699
0.007772357 0.11019779
0.007958296 0.093209109
0.007838381 0.060370731
0.008193927 0.093091789
0.007686577 0.064778963
0.007537567 0.176809368
0.008761441 0.073530686
0.008156087 0.066137118
0.007760495 0.07135084
0.008079022 0.26104069
0.007749524 0.077284372
0.008112445 0.069983698
0.007988132 0.067170154
0.007929362 0.088885996
