0.007617537 0.287820863
0.007601727 0.087615164
0.008754598 0.065642982
0.007744805 0.107145109
0.007408175 0.167651143
0.009014776 0.318435243
0.010357342 0.066444565
0.010426422 0.081013932
0.009413663 0.094566683
0.008541569 0.077482303
0.010020732 0.093758459
0.010923504 0.087722075
0.009815597 0.150269505
NaN NaN
0.008257567 0.144509811
0.010035629 0.380390524
0.010107965 0.063046236
0.009098473 0.077908792
0.009437729 0.400710188
0.008859916 0.388221602
0.010161055 0.059536989
0.009788948 0.07011264
NaN NaN
0.011788785 0.090728559
0.009686374 0.292972349
0.008864394 0.109149886
0.00824856 0.096179176
0.007857076 0.063328675
0.00963605 0.240667044
0.00810956 0.066907573
0.01046314 0.118003601
0.009792685 0.23400575
0.008695948 0.134812805
0.009259886 0.07665923
0.008443776 0.117036698
0.008540968 0.074814011
0.007733965 0.588647363
0.009037048 0.060746284
0.009007172 0.149214217
0.010575371 0.079425184
0.009622135 0.07075278
0.008460928 0.078449346
NaN NaN
0.00819568 0.09483187
0.00804029 0.101818124
0.007903534 0.113786928
0.008373253 0.08464082
0.00835501 0.107494303
0.008293254 0.198635176
0.007850995 0.08222942
0.008279468 0.127558489
0.008199388 0.146455336
0.009471562 0.159046425
0.00884073 0.11641881
0.008528505 0.256835348
0.008340242 0.074511464
0.008412828 0.105924651
0.00829116 0.069599558
0.008083481 0.071138974
0.009010719 0.293510928
0.010322968 0.06197075
0.010390094 0.12161022
0.008902555 0.087404008
0.007968896 0.188784743
0.008929546 0.078828495
0.00833367 0.072797602
0.008193897 0.318406399
0.007991327 0.078887186
0.008625847 0.083117384
0.008039108 0.086709948
0.009688419 0.071545085
0.00847818 0.07567212
0.008003471 0.297672789
0.007732282 0.117414205
0.009907799 0.114205442
0.008884892 0.11880412
0.009962111 0.346191826
0.008668136 0.067198578
0.009615912 0.327937032
0.008024359 0.116015614
0.008132002 0.09683284
0.008371481 0.074982928
0.008292672 0.068205195
0.008264631 0.080818847
0.007955291 0.077180947
0.008508758 0.06110153
0.007588202 0.140782213
0.007959949 0.329308362
0.009185727 0.239246512
0.009077002 0.346955348
0.008424319 0.063979846
0.008204838 0.151375498
NaN NaN
0.010285237 0.108646723
0.008613113 0.078415792
0.008285159 0.061858629
0.008169612 0.071289906
0.008259681 0.341510502
0.007687739 0.073159931
0.008155476 0.072799246
