0.008139716 0.053729583
0.007915316 0.07432211
0.008231377 0.071209936
0.00814161 0.26733089
0.008142952 0.11058724
0.007796763 0.154529059
0.008859155 0.079156571
0.008741013 0.291980059
0.008180793 0.111679648
0.008799843 0.080297308
0.010116992 0.082085851
0.010667334 0.100310809
0.008678045 0.079773437
0.008673287 0.083106164
0.00823276 0.072825094
0.010183607 0.32717278
0.008734521 0.251734097
0.008170274 0.067930109
0.007964788 0.077211525
0.009362137 0.095019812
0.009092091 0.099209045
0.008025552 0.081754319
0.008620046 0.231112887
0.007983002 0.057479271
0.008301329 0.062439608
0.008704314 0.312121349
0.008059045 0.073948359
0.008611691 0.287500994
0.008457792 0.061622087
0.007970389 0.050413389
0.008658509 0.0702888
0.008434148 0.092622149
0.008503999 0.078515489
0.008365429 0.074006628
0.008140027 0.062421866
0.008524607 0.089959578
0.008005846 0.068602189
0.008476498 0.0636087
0.008134386 0.055762654
0.007855704 0.069105122
0.008287053 0.079311892
0.007884828 0.053702393
0.008471298 0.117873186
0.00824859 0.071247116
0.008064425 0.137651315
0.007946734 0.098928478
0.008277675 0.070313917
0.009762638 0.366820931
0.008975382 0.383281402
0.008519839 0.354409508
0.009707825 0.086595674
0.010538392 0.332034362
0.008265051 0.150968315
0.008336384 0.098159337
0.007590056 0.245802801
0.008461379 0.074477871
0.009960409 0.068860002
0.009400048 0.146300827
0.010547649 0.059545995
0.00858482 0.097481947
0.008200349 0.309088745
0.00834994 0.321797915
0.008247589 0.072666697
0.007985968 0.078249961
0.007763972 0.153234753
0.008692943 0.087893315
0.008764397 0.089387105
0.008140828 0.068883025
0.008365188 0.073224352
0.00972109 0.157623839
0.00883044 0.125379485
0.008998606 0.074010986
0.008053344 0.061364093
0.008580212 0.10790864
0.008459495 0.060093632
0.008657867 0.079544748
0.00827523 0.086403864
0.008078882 0.147065149
0.008502986 0.095296701
0.008491526 0.05609112
0.008609006 0.16775616
0.009365815 0.380771758
0.010544864 0.143800531
0.010311947 0.182213196
0.009851895 0.086224558
0.00990251 0.063156232
0.009308837 0.093131413
0.010167467 0.101759855
0.008920019 0.073710153
0.008897366 0.095428178
0.009340947 0.088761663
0.009296444 0.080659487
0.009452817 0.308953341
0.008188627 0.084805459
0.007937416 0.201567712
0.008329372 0.084609691
0.008651746 0.060908809
0.008621649 0.071383983
0.00808285 0.069247489
0.00857404 0.076945988
